
11111111111111000000000000000000000000000000000000000000000000000000000000000000000000000000000000000000000000000000000000000000000000000000000000000000000000000000000000000000000000000000000000000000000000000000000000000000000000000000000000000000000000
00100000000000111112221111211111100000000000000000000000000000000000000000000000000000000000000000000000000000000000000000000000000000000000000000000000000000000000000000000000000000000000000000000000000000000000000000000000000000000000000000000000000000
00200000000100010002000000000000031111121211000000000000000000000000000000000000000000000000000000000000000000000000000000000000000000000000000000000000000000000000000000000000000000000000000000000000000000000000000000000000000000000000000000000000000000
10001000000000100000001000000000000001000000112111111111111111000000000000000000000000000000000000000000000000000000000000000000000000000000000000000000000000000000000000000000000000000000000000000000000000000000000000000000000000000000000000000000000000
20001000000001100002000000000000010000000000000000000000000000111111111110000000000000000000000000000000000000000000000000000000000000000000000000000000000000000000000000000000000000000000000000000000000000000000000000000000000000000000000000000000000000
00000000000100010000000000000000000000000000000000000000002000000000000001111111111111100000000000000000000000000000000000000000000000000000000000000000000000000000000000000000000000000000000000000000000000000000000000000000000000000000000000000000000000
10101000000200000001000000000000000000000000000000000000002100000000000000000010000000011111111111000000000000000000000000000000000000000000000000000000000000000000000000000000000000000000000000000000000000000000000000000000000000000000000000000000000000
00000000000100010000000000000000000000002100000010000000000000000000000000000000000000000000000000111110000000000000000000000000000000000000000000000000000000000000000000000000000000000000000000000000000000000000000000000000000000000000000000000000000000
00100000000200010002000000000101010010022000000000010000000000200000010000000000000000000000000000000001111111111111111111100000000000000000000000000000000000000000000000000000000000000000000000000000000000000000000000000000000000000000000000000000000000
10100000000000010003000000000000120000000000000000000000101000000000000000000000000000000000000000000001000000000000000000011111111111100000000000000000000000000000000000000000000000000000000000000000000000000000000000000000000000000000000000000000000000
10000000000200010001000000000000000000001000000000000000000000100000000000000000001000000000000000000000000000000000000020000100000000011111111000000000000000000000000000000000000000000000000000000000000000000000000000000000000000000000000000000000000000
00100000000100010000001100000000010000010000000000000000000000000000000000000000000000000000000000000100000000100000000000000000000000010000000211111100000000000000000000000000000000000000000000000000000000000000000000000000000000000000000000000000000000
10000000000200011000020000000001000000000010000000000000001000000000000000000000000000000000000000000000000000000000000010000000000000010010000000010011111110000000000000000000000000000000000000000000000000000000000000000000000000000000000000000000000000
10000000000100100001000000000000000000001000000000000000001000000000000000000000000000000000000000000000000000000001000000000000000000000000000000000000000001111111111000000000000000000000000000000000000000000000000000000000000000000000000000000000000000
00100000010000000000000000000000000000000000000000000000001000000000000000100000000000000000000000000000000000000000000000000000000000000000000000000000000001000010000111211111000000000000000000000000000000000000000000000000000000000000000000000000000000
00000100000000100002000000000010000000000000000000000000000000000000000000000000000000000000000000000000000000000000000000000000000000000000000000000000000001000000000010000111111111111110000000000000000000000000000000000000000000000000000000000000000000
10200000000100000000000110000000000000000000000000000000002000000000000000000000000000000000000000000000000000000001000000000000010000000000000100000000000000000010000020000112002001000001111111111111100000000000000000000000000000000000000000000000000000
00100000000000100001000000000000010001000000000000000000002000000000000000000000000000000000000000000000000000000001000000000000000000000000000000000000000000110000000010000122000000000000000000000000011111111111111110000000000000000000000000000000000000
00000000000100000001000000000000010001000000000000000000001010000000000000000000000000000000000000000000000000000001000000000000010000000000000000000000000000010000000010000011000000000000000000000000011000000000010001111111100000000000000000000000000000
00000000000200010000000000000000010000000000000000000000000000000000000000000000000000000000000000000000000000000000000000000000010000000000000000001000000000000000000010000000000000000000000000000000011000000000100000000000011111111111000000000000000000
10100000000100000000000000000000010000000000000010000000000000000000000000000000000000000000000000000000000000000000000010000000000000000000000000000000000000000000000000000111000000000010000000000000011000000000000000000000000000100000111111111111100000